1	0	0.000000	0.000000
2	0	0.000000	0.000000
3	0	0.000000	0.000000
4	0	0.000000	0.000000
5	0	0.000000	0.000000
6	0	0.000000	0.000000
7	0	0.000000	0.000000
8	0	0.000000	0.000000
9	0	0.000000	0.000000
10	0	0.000000	0.000000
11	0	0.000000	0.000000
12	0	0.000000	0.000000
13	0	0.000000	0.000000
14	0	0.000000	0.000000
15	0	0.000000	0.000000
16	0	0.000000	0.000000
17	0	0.000000	0.000000
18	0	0.000000	0.000000
19	0	0.000000	0.000000
20	0	0.000000	0.000000
21	0	0.000000	0.000000
22	0	0.000000	0.000000
23	0	0.000000	0.000000
24	0	0.000000	0.000000
25	0	0.000000	0.000000
26	0	0.000000	0.000000
27	0	0.000000	0.000000
28	0	0.000000	0.000000
29	0	0.000000	0.000000
30	0	0.000000	0.000000
31	0	0.000000	0.000000
32	0	0.000000	0.000000
33	0	0.000000	0.000000
34	0	0.000000	0.000000
35	0	0.000000	0.000000
36	0	0.000000	0.000000
37	0	0.000000	0.000000
38	0	0.000000	0.000000
39	0	0.000000	0.000000
40	0	0.000000	0.000000


1	0	-1.532813	0.000000
2	1	-0.487713	0.006860
3	1	-0.487713	0.010453
4	2	0.557386	0.017835
5	0	-1.532813	0.000000
6	1	-0.487713	0.006860
7	1	-0.487713	0.006860
8	1	-0.487713	0.006860
9	2	0.557386	0.017175
10	2	0.557386	0.017226
11	0	-1.532813	0.000000
12	2	0.557386	0.017175
13	3	1.602486	0.013799
14	3	1.602486	0.014003
15	1	-0.487713	0.003659
16	1	-0.487713	0.003484
17	2	0.557386	0.010163
18	1	-0.487713	0.003484
19	3	1.602486	0.027722
20	3	1.602486	0.014003
21	2	0.557386	0.010518
22	0	-1.532813	0.000000
23	1	-0.487713	0.019512
24	3	1.602486	0.017175
25	2	0.557386	0.024441
26	0	-1.532813	0.000000
27	2	0.557386	0.016819
28	1	-0.487713	0.003811
29	1	-0.487713	0.003484
30	2	0.557386	0.029791
